spec_id = "quantumdft-v0.1-qe7.5-2026-07-21"
qe_version = "7.5.0+0"

[fixtures."si-private"]
ecut_ry = 20.0
energy_ha = -8.519352705
family = "dojo.nc.sr.lda.v0_4_1.standard.upf"
forces_ha_per_bohr = [[-0.0, 0.0, -0.0], [-0.0, -0.0, 0.0]]
kgrid = [4, 4, 4]
stress_ha_per_bohr3 = [[-6.5e-8, 0.0, 0.0], [0.0, -6.5e-8, -0.0], [0.0, -0.0, -6.5e-8]]

[fixtures."si-private".pseudopotential_sha256]
Si = "686dd9f7d58fe63bdb1e595f0aeecf7d70d2857f06ffb00b8273950d6431e805"

[fixtures."si-private".phonons."0.0,0.0,0.0"]
born_charges_asr = [[[-0.0, -0.0, 0.0], [0.0, -0.0, 0.0], [-0.0, 0.0, -0.0]], [[0.0, 0.0, -0.0], [-0.0, 0.0, -0.0], [0.0, -0.0, 0.0]]]
dielectric = [[24.630804512, -0.0, 0.0], [-0.0, 24.630804512, -0.0], [0.0, -0.0, 24.630804512]]
dynamical_imag = [[0.0, 0.0, 0.0, 0.0, 0.0, 0.0], [0.0, 0.0, 0.0, 0.0, 0.0, 0.0], [0.0, 0.0, 0.0, 0.0, 0.0, 0.0], [0.0, 0.0, 0.0, 0.0, 0.0, 0.0], [0.0, 0.0, 0.0, 0.0, 0.0, 0.0], [0.0, 0.0, 0.0, 0.0, 0.0, 0.0]]
dynamical_real = [[2.820558990456376e-6, 0.0, 0.0, -2.820859497903313e-6, -0.0, 0.0], [0.0, 2.820558990456376e-6, -0.0, 0.0, -2.820859497903313e-6, -0.0], [-0.0, -0.0, 2.820558990456376e-6, -0.0, 0.0, -2.820859497903313e-6], [-2.820859497903313e-6, 0.0, 0.0, 2.820558990456376e-6, 0.0, 0.0], [-0.0, -2.820859497903313e-6, 0.0, 0.0, 2.820558990456376e-6, -0.0], [0.0, 0.0, -2.820859497903313e-6, -0.0, -0.0, 2.820558990456376e-6]]
frequencies_cm1_raw = [-3.804523, -3.804523, -3.804523, 521.288915, 521.288915, 521.288915]
q_reduced = [0.0, 0.0, 0.0]

[fixtures."si-private".phonons."0.25,0.25,0.25"]
dynamical_imag = [[0.0, 0.0, 0.0, 2.100985558622566e-6, -3.9570599895530237e-7, -3.9570599895530237e-7], [0.0, 0.0, 0.0, -3.9570599895530237e-7, 2.100985558622566e-6, -3.9570599895530237e-7], [0.0, 0.0, 0.0, -3.9570599895530237e-7, -3.9570599895530237e-7, 2.100985558622566e-6], [-2.100985558622566e-6, 3.9570599895530237e-7, 3.9570599895530237e-7, 0.0, 0.0, 0.0], [3.9570599895530237e-7, -2.100985558622566e-6, 3.9570599895530237e-7, 0.0, 0.0, 0.0], [3.9570599895530237e-7, 3.9570599895530237e-7, -2.100985558622566e-6, 0.0, 0.0, 0.0]]
dynamical_real = [[2.807289687138874e-6, 1.258273609229204e-7, 1.258273609229204e-7, -6.421187849197898e-7, -4.131608231221384e-7, -4.131608231221384e-7], [1.258273609229204e-7, 2.807289687138874e-6, 1.258273609229204e-7, -4.131608231221384e-7, -6.421187849197898e-7, -4.131608231221384e-7], [1.258273609229204e-7, 1.258273609229204e-7, 2.807289687138874e-6, -4.131608231221384e-7, -4.131608231221384e-7, -6.421187849197898e-7], [-6.421187849197898e-7, -4.131608231221384e-7, -4.131608231221384e-7, 2.807289687138874e-6, 1.258273609229204e-7, 1.258273609229204e-7], [-4.131608231221384e-7, -6.421187849197898e-7, -4.131608231221384e-7, 1.258273609229204e-7, 2.807289687138874e-6, 1.258273609229204e-7], [-4.131608231221384e-7, -4.131608231221384e-7, -6.421187849197898e-7, 1.258273609229204e-7, 1.258273609229204e-7, 2.807289687138874e-6]]
frequencies_cm1_raw = [91.627571, 91.627571, 229.283507, 492.059305, 499.931711, 499.931711]
q_reduced = [0.25, 0.25, 0.25]

[fixtures."nacl-private"]
ecut_ry = 60.0
energy_ha = -62.23220036
family = "dojo.nc.sr.pbe.v0_4_1.standard.upf"
forces_ha_per_bohr = [[0.0, -0.0, -0.0], [-0.0, 0.0, -0.0]]
kgrid = [4, 4, 4]
stress_ha_per_bohr3 = [[-0.000353875, -0.0, 0.0], [-0.0, -0.000353875, -0.0], [0.0, -0.0, -0.000353875]]

[fixtures."nacl-private".pseudopotential_sha256]
Cl = "c009006302553d7060ce6ba4a155766e55de9c99a1d45bccb36b5c4e5040b923"
Na = "9451b6a1be0db8045279837afd86635a030ebbd1499275565df434053fbfbbb5"

[fixtures."nacl-private".phonons."0.0,0.0,0.0"]
born_charges_asr = [[[1.11186, 0.0, -0.0], [0.0, 1.11186, -0.0], [-0.0, 0.0, 1.11186]], [[-1.11186, -0.0, 0.0], [-0.0, -1.11186, 0.0], [0.0, -0.0, -1.11186]]]
dielectric = [[2.564992037, -0.0, -0.0], [-0.0, 2.564992037, -0.0], [-0.0, -0.0, 2.564992037]]
dynamical_imag = [[0.0, 0.0, 0.0, 0.0, 0.0, 0.0], [0.0, 0.0, 0.0, 0.0, 0.0, 0.0], [0.0, 0.0, 0.0, 0.0, 0.0, 0.0], [0.0, 0.0, 0.0, 0.0, 0.0, 0.0], [0.0, 0.0, 0.0, 0.0, 0.0, 0.0], [0.0, 0.0, 0.0, 0.0, 0.0, 0.0]]
dynamical_real = [[6.454613274013219e-7, -0.0, 0.0, -2.9234889797595477e-7, 0.0, 0.0], [-0.0, 6.454613274013219e-7, -0.0, 0.0, -2.9234889797595477e-7, 0.0], [0.0, -0.0, 6.454613274013219e-7, 0.0, 0.0, -2.9234889797595477e-7], [-2.9234889797595477e-7, 0.0, 0.0, 2.350781744710221e-7, 0.0, 0.0], [0.0, -2.9234889797595477e-7, 0.0, -0.0, 2.350781744710221e-7, 0.0], [0.0, 0.0, -2.9234889797595477e-7, 0.0, 0.0, 2.350781744710221e-7]]
frequencies_cm1_raw = [63.267433, 63.267433, 63.267433, 195.989887, 195.989887, 195.989887]
q_reduced = [0.0, 0.0, 0.0]
