qe_version = "7.5.0+0"
spec_id = "espressodft-v0.3-qe7.5-2026-07-21"

[fixtures.aln-heldout]
density_electron_count = 16.000000181851505
density_grid = [30, 30, 48]
ecut_ry = 60.0
energy_ha = -25.582351295
family = "dojo.nc.sr.pbe.v0_4_1.standard.upf"
forces_ha_per_bohr = [[0.0, 0.0, 0.003922315], [0.0, -0.0, 0.003922315], [0.0, 0.0, -0.003922315], [0.0, 0.0, -0.003922315]]
gamma_eigenvalues_ha = [-0.3003338354805404, -0.22812141740537834, 0.03339410906101769, 0.2222599005183614, 0.2222599005183614, 0.24382440277103576, 0.24382440277103576, 0.2483666189919467]
kgrid = [4, 4, 2]
stress_ha_per_bohr3 = [[-0.000112075, 0.0, 0.0], [0.0, -0.000112075, 0.0], [0.0, 0.0, -0.00037802]]

    [fixtures.aln-heldout.density_fourier]
    "0,0,0" = [0.054999408555554886, 0.0]
    "0,0,1" = [4.5264236032189274e-18, -2.578698320575613e-18]
    "0,1,0" = [0.006169764361854359, -0.010686345345459718]
    "0,1,1" = [-0.0044969009694721136, -0.015743146516832583]
    "1,0,0" = [0.006169764361854463, 0.010686345345459723]
    "1,0,1" = [-0.015882415303813513, -0.0039771427805505915]
    "1,1,0" = [0.0069088297274748035, 8.48789756330087e-19]
    "1,1,1" = [2.929051476350726e-17, -1.9132755115307625e-17]

    [fixtures.aln-heldout.phonons."0.0,0.0,0.0"]
    born_charges_asr = [[[2.55988, 0.0, 0.0], [0.0, 2.55988, -0.0], [0.0, -0.0, 2.657]], [[2.55988, 0.0, 0.0], [0.0, 2.55988, -0.0], [0.0, 0.0, 2.657]], [[-2.55988, 0.0, -0.0], [0.0, -2.55988, -0.0], [0.0, -0.0, -2.657]], [[-2.55988, -0.0, 0.0], [-0.0, -2.55988, 0.0], [0.0, 0.0, -2.657]]]
    dielectric = [[4.877159735, -0.0, 0.0], [-0.0, 4.877159735, 0.0], [-0.0, -0.0, 4.846298105]]
    dynamical_imag = [[0.0, 0.0, 0.0, 0.0, 0.0, 0.0, 0.0, 0.0, 0.0, 0.0, 0.0, 0.0], [0.0, 0.0, 0.0, 0.0, 0.0, 0.0, 0.0, 0.0, 0.0, 0.0, 0.0, 0.0], [0.0, 0.0, 0.0, 0.0, 0.0, 0.0, 0.0, 0.0, 0.0, 0.0, 0.0, 0.0], [0.0, 0.0, 0.0, 0.0, 0.0, 0.0, 0.0, 0.0, 0.0, 0.0, 0.0, 0.0], [0.0, 0.0, 0.0, 0.0, 0.0, 0.0, 0.0, 0.0, 0.0, 0.0, 0.0, 0.0], [0.0, 0.0, 0.0, 0.0, 0.0, 0.0, 0.0, 0.0, 0.0, 0.0, 0.0, 0.0], [0.0, 0.0, 0.0, 0.0, 0.0, 0.0, 0.0, 0.0, 0.0, 0.0, 0.0, 0.0], [0.0, 0.0, 0.0, 0.0, 0.0, 0.0, 0.0, 0.0, 0.0, 0.0, 0.0, 0.0], [0.0, 0.0, 0.0, 0.0, 0.0, 0.0, 0.0, 0.0, 0.0, 0.0, 0.0, 0.0], [0.0, 0.0, 0.0, 0.0, 0.0, 0.0, 0.0, 0.0, 0.0, 0.0, 0.0, 0.0], [0.0, 0.0, 0.0, 0.0, 0.0, 0.0, 0.0, 0.0, 0.0, 0.0, 0.0, 0.0], [0.0, 0.0, 0.0, 0.0, 0.0, 0.0, 0.0, 0.0, 0.0, 0.0, 0.0, 0.0]]
    dynamical_real = [[3.208248362062293e-6, 0.0, 0.0, -1.2124419074269612e-7, 0.0, 0.0, -4.540765633439537e-7, 0.0, 0.0, -3.829345978015622e-6, 0.0, -0.0], [0.0, 3.208248362062293e-6, 0.0, 0.0, -1.2124419074269612e-7, 0.0, 0.0, -4.540765633439537e-7, 0.0, -0.0, -3.829345978015622e-6, 0.0], [0.0, 0.0, 3.880758408475828e-6, 0.0, 0.0, -1.6854353836550802e-6, -0.0, 0.0, -1.2094618235819044e-6, 0.0, 0.0, -1.8369325072438663e-6], [-1.2124419074269612e-7, 0.0, 0.0, 3.208248362062293e-6, 0.0, 0.0, -3.829345978015622e-6, 0.0, 0.0, -4.540765633439537e-7, 0.0, 0.0], [0.0, -1.2124419074269612e-7, 0.0, 0.0, 3.208248362062293e-6, 0.0, 0.0, -3.829345978015622e-6, -0.0, 0.0, -4.540765633439537e-7, -0.0], [0.0, 0.0, -1.6854353836550802e-6, 0.0, 0.0, 3.880758408475828e-6, 0.0, 0.0, -1.8369325072438663e-6, -0.0, 0.0, -1.2094618235819044e-6], [-4.540765633439537e-7, 0.0, -0.0, -3.829345978015622e-6, 0.0, -0.0, 6.190229828491878e-6, 0.0, 0.0, -2.4276287324992615e-7, 0.0, 0.0], [0.0, -4.540765633439537e-7, 0.0, 0.0, -3.829345978015622e-6, 0.0, 0.0, 6.190229828491878e-6, 0.0, 0.0, -2.4276287324992615e-7, 0.0], [0.0, 0.0, -1.2094618235819044e-6, 0.0, 0.0, -1.8369325072438663e-6, 0.0, 0.0, 6.817561838490785e-6, 0.0, 0.0, -2.5949356763007557e-6], [-3.829345978015622e-6, 0.0, 0.0, -4.540765633439537e-7, 0.0, -0.0, -2.4276287324992615e-7, -0.0, 0.0, 6.190229828491878e-6, 0.0, 0.0], [0.0, -3.829345978015622e-6, -0.0, 0.0, -4.540765633439537e-7, 0.0, -0.0, -2.4276287324992615e-7, 0.0, 0.0, 6.190229828491878e-6, 0.0], [0.0, 0.0, -1.8369325072438663e-6, 0.0, -0.0, -1.2094618235819044e-6, 0.0, 0.0, -2.5949356763007557e-6, 0.0, 0.0, 6.817561838490785e-6]]
    frequencies_cm1_raw = [-8.871997, 8.048294, 8.048294, 237.028287, 237.028287, 513.139897, 556.080603, 643.481048, 643.481048, 659.634513, 659.634513, 676.903049]
    q_reduced = [0.0, 0.0, 0.0]

    [fixtures.aln-heldout.phonons."0.25,0.0,0.0"]
    dynamical_imag = [[0.0, 0.0, -8.341121064821821e-8, -3.186071281073706e-7, -2.6595072939645453e-7, 1.9375203163926792e-7, -7.984158349237703e-8, -3.817637572231751e-8, 2.7009771008666624e-8, 2.900375838332856e-6, -2.8241437222827626e-7, 4.696395168979651e-7], [0.0, 0.0, -4.815750701953465e-8, -2.6595072939645453e-7, -1.1513625018245956e-8, 1.1186274862660886e-7, -3.817637572231751e-8, -3.575929391660439e-8, 1.5594135334354736e-8, -2.8241437222827626e-7, 3.2264799765490533e-6, 2.7114646200201654e-7], [8.341121064821821e-8, 4.815750701953465e-8, 0.0, -1.9375203163926792e-7, -1.1186274862660886e-7, 9.264792172598166e-7, 3.5844655803969783e-7, 2.0694924331821256e-7, -1.2819803447965321e-9, 5.183114541334215e-7, 2.992473131346444e-7, 1.204521698354922e-6], [3.186071281073706e-7, 2.6595072939645453e-7, 1.9375203163926792e-7, 0.0, 0.0, -8.341121064821821e-8, -2.900375838332856e-6, 2.8241437222827626e-7, 4.696395168979651e-7, 7.984158349237703e-8, 3.817637572231751e-8, 2.7009771008666624e-8], [2.6595072939645453e-7, 1.1513625018245956e-8, 1.1186274862660886e-7, 0.0, 0.0, -4.815750701953465e-8, 2.8241437222827626e-7, -3.2264799765490533e-6, 2.7114646200201654e-7, 3.817637572231751e-8, 3.575929391660439e-8, 1.5594135334354736e-8], [-1.9375203163926792e-7, -1.1186274862660886e-7, -9.264792172598166e-7, 8.341121064821821e-8, 4.815750701953465e-8, 0.0, 5.183114541334215e-7, 2.992473131346444e-7, -1.204521698354922e-6, 3.5844655803969783e-7, 2.0694924331821256e-7, 1.2819803447965321e-9], [7.984158349237703e-8, 3.817637572231751e-8, -3.5844655803969783e-7, 2.900375838332856e-6, -2.8241437222827626e-7, -5.183114541334215e-7, 0.0, 0.0, -1.4481926816142154e-7, -6.688429738175987e-7, -6.444731983588603e-7, 1.4065636337053512e-7], [3.817637572231751e-8, 3.575929391660439e-8, -2.0694924331821256e-7, -2.8241437222827626e-7, 3.2264799765490533e-6, -2.992473131346444e-7, 0.0, 0.0, -8.36115647775344e-8, -6.444731983588603e-7, 7.53305997341524e-8, 8.12079758508555e-8], [-2.7009771008666624e-8, -1.5594135334354736e-8, 1.2819803447965321e-9, -4.696395168979651e-7, -2.7114646200201654e-7, 1.204521698354922e-6, 1.4481926816142154e-7, 8.36115647775344e-8, 0.0, -1.4065636337053512e-7, -8.12079758508555e-8, 1.7600968249896403e-6], [-2.900375838332856e-6, 2.8241437222827626e-7, -5.183114541334215e-7, -7.984158349237703e-8, -3.817637572231751e-8, -3.5844655803969783e-7, 6.688429738175987e-7, 6.444731983588603e-7, 1.4065636337053512e-7, 0.0, 0.0, -1.4481926816142154e-7], [2.8241437222827626e-7, -3.2264799765490533e-6, -2.992473131346444e-7, -3.817637572231751e-8, -3.575929391660439e-8, -2.0694924331821256e-7, 6.444731983588603e-7, -7.53305997341524e-8, 8.12079758508555e-8, 0.0, 0.0, -8.36115647775344e-8], [-4.696395168979651e-7, -2.7114646200201654e-7, -1.204521698354922e-6, -2.7009771008666624e-8, -1.5594135334354736e-8, -1.2819803447965321e-9, -1.4065636337053512e-7, -8.12079758508555e-8, -1.7600968249896403e-6, 1.4481926816142154e-7, 8.36115647775344e-8, 0.0]]
    dynamical_real = [[4.798991097795189e-6, 8.326316554664418e-7, 9.458468672059676e-8, 4.454231131041154e-7, 2.4623367959168243e-7, 1.9771884335973776e-7, -1.324795468900522e-6, -5.054854425481932e-7, 5.852157028519234e-8, -2.4010377215212292e-6, -1.1582245147165678e-6, 4.3477264271290795e-7], [8.326316554664418e-7, 3.8375508513882045e-6, 5.4608442960332065e-8, 2.4623367959168243e-7, 1.610969195689414e-7, 1.1415301031263602e-7, -5.054854425481932e-7, -7.411110595421137e-7, 3.378750486547832e-8, -1.1582245147165678e-6, -1.063635360062055e-6, 2.5101615364485656e-7], [9.458468672059676e-8, 5.4608442960332065e-8, 3.390804857760308e-6, -1.9771884335973776e-7, -1.1415301031263602e-7, -4.6792051965409774e-7, -5.096175222727927e-8, -2.942276108754735e-8, -1.1987124339111285e-6, 3.7358340762702573e-7, 2.1568846636205498e-7, -6.200622594968474e-7], [4.454231131041154e-7, 2.4623367959168243e-7, -1.9771884335973776e-7, 4.798991097795189e-6, 8.326316554664418e-7, -9.458468672059676e-8, -2.4010377215212292e-6, -1.1582245147165678e-6, -4.3477264271290795e-7, -1.324795468900522e-6, -5.054854425481932e-7, -5.852157028519234e-8], [2.4623367959168243e-7, 1.610969195689414e-7, -1.1415301031263602e-7, 8.326316554664418e-7, 3.8375508513882045e-6, -5.4608442960332065e-8, -1.1582245147165678e-6, -1.063635360062055e-6, -2.5101615364485656e-7, -5.054854425481932e-7, -7.411110595421137e-7, -3.378750486547832e-8], [1.9771884335973776e-7, 1.1415301031263602e-7, -4.6792051965409774e-7, -9.458468672059676e-8, -5.4608442960332065e-8, 3.390804857760308e-6, -3.7358340762702573e-7, -2.1568846636205498e-7, -6.200622594968474e-7, 5.096175222727927e-8, 2.942276108754735e-8, -1.1987124339111285e-6], [-1.324795468900522e-6, -5.054854425481932e-7, -5.096175222727927e-8, -2.4010377215212292e-6, -1.1582245147165678e-6, -3.7358340762702573e-7, 8.950184985480836e-6, 1.3165195213423883e-6, -1.9565143365201974e-8, 3.379789904314092e-7, 7.761277550012241e-8, 1.610273376330227e-7], [-5.054854425481932e-7, -7.411110595421137e-7, -2.942276108754735e-8, -1.1582245147165678e-6, -1.063635360062055e-6, -2.1568846636205498e-7, 1.3165195213423883e-6, 7.429999195258213e-6, -1.1295927982533735e-8, 7.761277550012241e-8, 2.4835943247557034e-7, 9.296919039765427e-8], [5.852157028519234e-8, 3.378750486547832e-8, -1.1987124339111285e-6, -4.3477264271290795e-7, -2.5101615364485656e-7, -6.200622594968474e-7, -1.9565143365201974e-8, -1.1295927982533735e-8, 6.692968827937393e-6, -1.610273376330227e-7, -9.296919039765427e-8, -9.043635520312397e-7], [-2.4010377215212292e-6, -1.1582245147165678e-6, 3.7358340762702573e-7, -1.324795468900522e-6, -5.054854425481932e-7, 5.096175222727927e-8, 3.379789904314092e-7, 7.761277550012241e-8, -1.610273376330227e-7, 8.950184985480836e-6, 1.3165195213423883e-6, 1.9565143365201974e-8], [-1.1582245147165678e-6, -1.063635360062055e-6, 2.1568846636205498e-7, -5.054854425481932e-7, -7.411110595421137e-7, 2.942276108754735e-8, 7.761277550012241e-8, 2.4835943247557034e-7, -9.296919039765427e-8, 1.3165195213423883e-6, 7.429999195258213e-6, 1.1295927982533735e-8], [4.3477264271290795e-7, 2.5101615364485656e-7, -6.200622594968474e-7, -5.852157028519234e-8, -3.378750486547832e-8, -1.1987124339111285e-6, 1.610273376330227e-7, 9.296919039765427e-8, -9.043635520312397e-7, 1.9565143365201974e-8, 1.1295927982533735e-8, 6.692968827937393e-6]]
    frequencies_cm1_raw = [167.121655, 175.509461, 296.723164, 311.418916, 388.040591, 471.019717, 558.915376, 636.444208, 645.525408, 658.240636, 699.958941, 841.398438]
    q_reduced = [0.25, 0.0, 0.0]

    [fixtures.aln-heldout.pseudopotential_sha256]
    Al = "b02eaa07c5d98f5eeae1bec4155854a7a94ea3635ca6b42e914f3f7ebd6912fb"
    N = "287a8723d1e8959fdab0c143bb4673be4fa0f82dfc4bff6497417d2e1a6c6079"

[fixtures.nacl-private]
density_electron_count = 16.000000066527946
density_grid = [40, 40, 40]
ecut_ry = 60.0
energy_ha = -62.23220036
family = "dojo.nc.sr.pbe.v0_4_1.standard.upf"
forces_ha_per_bohr = [[-0.0, 0.0, 0.0], [-0.0, 0.0, 0.0]]
gamma_eigenvalues_ha = [-1.7590026310055085, -0.7229253159750499, -0.7229253159750499, -0.7229253159750499, -0.4228046265631283, 0.043698618999071355, 0.043698618999071355, 0.043698618999071355]
kgrid = [4, 4, 4]
stress_ha_per_bohr3 = [[-0.000353875, -0.0, -0.0], [0.0, -0.000353875, -0.0], [-0.0, -0.0, -0.000353875]]

    [fixtures.nacl-private.density_fourier]
    "0,0,0" = [0.053735634337499914, 0.0]
    "0,0,1" = [0.009911468432646882, 2.9282132274488503e-18]
    "0,1,0" = [0.009911468432646923, 3.2101057922950816e-18]
    "0,1,1" = [0.03264396380495534, 8.382183835919932e-18]
    "1,0,0" = [0.009911468432647005, -1.4581218177323052e-17]
    "1,0,1" = [0.03264396380495533, 2.6506574712925613e-18]
    "1,1,0" = [0.03264396380495528, 2.7356589216154247e-18]
    "1,1,1" = [0.009911468432646871, 2.8622937353617316e-18]

    [fixtures.nacl-private.phonons."0.0,0.0,0.0"]
    born_charges_asr = [[[1.11186, -0.0, -0.0], [-0.0, 1.11186, -0.0], [-0.0, -0.0, 1.11186]], [[-1.11186, 0.0, 0.0], [0.0, -1.11186, 0.0], [0.0, 0.0, -1.11186]]]
    dielectric = [[2.564992028, 0.0, 0.0], [0.0, 2.564992028, 0.0], [0.0, 0.0, 2.564992028]]
    dynamical_imag = [[0.0, 0.0, 0.0, 0.0, 0.0, 0.0], [0.0, 0.0, 0.0, 0.0, 0.0, 0.0], [0.0, 0.0, 0.0, 0.0, 0.0, 0.0], [0.0, 0.0, 0.0, 0.0, 0.0, 0.0], [0.0, 0.0, 0.0, 0.0, 0.0, 0.0], [0.0, 0.0, 0.0, 0.0, 0.0, 0.0]]
    dynamical_real = [[6.454550039939777e-7, 0.0, -0.0, -2.923563922415273e-7, 0.0, 0.0], [0.0, 6.454550039939777e-7, 0.0, 0.0, -2.923563922415273e-7, 0.0], [0.0, 0.0, 6.454550039939777e-7, 0.0, 0.0, -2.923563922415273e-7], [-2.923563922415273e-7, 0.0, 0.0, 2.3507956719857687e-7, -0.0, -0.0], [0.0, -2.923563922415273e-7, -0.0, -0.0, 2.3507956719857687e-7, 0.0], [-0.0, -0.0, -2.923563922415273e-7, 0.0, 0.0, 2.3507956719857687e-7]]
    frequencies_cm1_raw = [63.265018, 63.265018, 63.265018, 195.990069, 195.990069, 195.990069]
    q_reduced = [0.0, 0.0, 0.0]

    [fixtures.nacl-private.pseudopotential_sha256]
    Cl = "c009006302553d7060ce6ba4a155766e55de9c99a1d45bccb36b5c4e5040b923"
    Na = "9451b6a1be0db8045279837afd86635a030ebbd1499275565df434053fbfbbb5"

[fixtures.si-private]
density_electron_count = 7.999998474496091
density_grid = [24, 24, 24]
ecut_ry = 20.0
energy_ha = -8.519352705
family = "dojo.nc.sr.lda.v0_4_1.standard.upf"
forces_ha_per_bohr = [[-0.0, 0.0, -0.0], [-0.0, -0.0, 0.0]]
gamma_eigenvalues_ha = [-0.2143110221317672, 0.2306424209066283, 0.2306424209066283, 0.2306424209066283]
kgrid = [4, 4, 4]
stress_ha_per_bohr3 = [[-6.5e-8, 0.0, 0.0], [0.0, -6.5e-8, -0.0], [0.0, -0.0, -6.5e-8]]

    [fixtures.si-private.density_fourier]
    "0,0,0" = [0.03015430895543981, 0.0]
    "0,0,1" = [0.004718770565608838, -0.004718770565608838]
    "0,1,0" = [0.004718770565608844, -0.004718770565608848]
    "0,1,1" = [9.1856017391133e-19, 4.111435182791096e-18]
    "1,0,0" = [0.004718770565608767, -0.004718770565608709]
    "1,0,1" = [9.165523921104311e-19, -6.876652668079357e-20]
    "1,1,0" = [-2.5850190686575683e-18, -4.077553864900924e-18]
    "1,1,1" = [0.004718770565608831, 0.004718770565608841]

    [fixtures.si-private.phonons."0.0,0.0,0.0"]
    born_charges_asr = [[[-0.0, -0.0, 0.0], [0.0, -0.0, 0.0], [-0.0, 0.0, -0.0]], [[0.0, 0.0, -0.0], [-0.0, 0.0, -0.0], [0.0, -0.0, 0.0]]]
    dielectric = [[24.630804512, -0.0, 0.0], [-0.0, 24.630804512, -0.0], [0.0, -0.0, 24.630804512]]
    dynamical_imag = [[0.0, 0.0, 0.0, 0.0, 0.0, 0.0], [0.0, 0.0, 0.0, 0.0, 0.0, 0.0], [0.0, 0.0, 0.0, 0.0, 0.0, 0.0], [0.0, 0.0, 0.0, 0.0, 0.0, 0.0], [0.0, 0.0, 0.0, 0.0, 0.0, 0.0], [0.0, 0.0, 0.0, 0.0, 0.0, 0.0]]
    dynamical_real = [[2.820558990456376e-6, 0.0, 0.0, -2.820859497903313e-6, -0.0, 0.0], [0.0, 2.820558990456376e-6, -0.0, 0.0, -2.820859497903313e-6, -0.0], [-0.0, -0.0, 2.820558990456376e-6, -0.0, 0.0, -2.820859497903313e-6], [-2.820859497903313e-6, 0.0, 0.0, 2.820558990456376e-6, 0.0, 0.0], [-0.0, -2.820859497903313e-6, 0.0, 0.0, 2.820558990456376e-6, -0.0], [0.0, 0.0, -2.820859497903313e-6, -0.0, -0.0, 2.820558990456376e-6]]
    frequencies_cm1_raw = [-3.804523, -3.804523, -3.804523, 521.288915, 521.288915, 521.288915]
    q_reduced = [0.0, 0.0, 0.0]

    [fixtures.si-private.phonons."0.25,0.25,0.25"]
    dynamical_imag = [[0.0, 0.0, 0.0, 2.1009895627841923e-6, -3.957010181688891e-7, -3.957010181688891e-7], [0.0, 0.0, 0.0, -3.957010181688891e-7, 2.1009895627841923e-6, -3.957010181688891e-7], [0.0, 0.0, 0.0, -3.957010181688891e-7, -3.957010181688891e-7, 2.1009895627841923e-6], [-2.1009895627841923e-6, 3.957010181688891e-7, 3.957010181688891e-7, 0.0, 0.0, 0.0], [3.957010181688891e-7, -2.1009895627841923e-6, 3.957010181688891e-7, 0.0, 0.0, 0.0], [3.957010181688891e-7, 3.957010181688891e-7, -2.1009895627841923e-6, 0.0, 0.0, 0.0]]
    dynamical_real = [[2.8072853899898114e-6, 1.2582345442377268e-7, 1.2582345442377268e-7, -6.421178082950029e-7, -4.131573072729055e-7, -4.131573072729055e-7], [1.2582345442377268e-7, 2.8072853899898114e-6, 1.2582345442377268e-7, -4.131573072729055e-7, -6.421178082950029e-7, -4.131573072729055e-7], [1.2582345442377268e-7, 1.2582345442377268e-7, 2.8072853899898114e-6, -4.131573072729055e-7, -4.131573072729055e-7, -6.421178082950029e-7], [-6.421178082950029e-7, -4.131573072729055e-7, -4.131573072729055e-7, 2.8072853899898114e-6, 1.2582345442377268e-7, 1.2582345442377268e-7], [-4.131573072729055e-7, -6.421178082950029e-7, -4.131573072729055e-7, 1.2582345442377268e-7, 2.8072853899898114e-6, 1.2582345442377268e-7], [-4.131573072729055e-7, -4.131573072729055e-7, -6.421178082950029e-7, 1.2582345442377268e-7, 1.2582345442377268e-7, 2.8072853899898114e-6]]
    frequencies_cm1_raw = [91.627671, 91.627671, 229.281871, 492.058873, 499.931663, 499.931663]
    q_reduced = [0.25, 0.25, 0.25]

    [fixtures.si-private.pseudopotential_sha256]
    Si = "686dd9f7d58fe63bdb1e595f0aeecf7d70d2857f06ffb00b8273950d6431e805"
